1	2
1	3
1	4
1	5
1	6
1	7
1	8
1	9
1	10
1	11
1	12
1	13
1	14
1	15
1	16
1	17
1	18
1	19
1	20
1	21
1	22
1	23
1	24
1	25
1	26
1	27
28	29
28	30
28	31
32	33
32	34
32	35
32	36
32	37
38	39
38	40
38	41
38	42
38	43
38	44
38	45
38	46
38	47
38	48
38	49
50	51
50	52
50	7
50	8
50	53
54	55
54	56
54	57
58	59
58	60
58	61
58	62
58	63
64	65
64	66
64	67
64	68
64	69
64	70
64	71
64	72
73	74
73	75
73	76
73	77
73	78
73	79
73	80
73	81
73	82
73	83
73	84
73	85
59	58
86	87
86	88
86	89
86	90
86	91
86	92
86	93
86	94
86	95
86	96
86	97
86	98
86	99
86	100
86	101
86	102
86	103
86	104
86	105
86	106
86	107
86	108
86	109
86	110
86	111
86	112
86	113
86	114
86	115
86	116
86	117
86	118
86	119
86	120
86	121
86	122
86	123
86	124
86	125
86	126
86	127
86	128
86	129
86	130
86	131
86	132
86	133
86	134
86	135
86	136
86	137
86	138
86	139
86	140
86	141
86	142
86	143
86	144
86	145
86	146
86	147
86	148
86	149
86	150
86	151
86	152
86	153
86	154
86	155
86	156
86	157
86	158
86	159
86	160
161	162
161	163
161	33
161	164
161	165
161	166
161	167
161	168
161	169
161	170
161	171
161	172
161	173
161	174
161	175
161	176
161	177
161	9
161	178
161	179
161	180
161	181
161	182
161	183
161	184
161	185
161	186
161	187
161	188
161	37
161	189
161	21
161	190
161	191
161	192
161	193
161	194
161	195
161	196
161	197
161	198
161	199
161	200
161	201
161	202
161	203
161	204
161	205
161	206
161	207
208	209
208	210
208	211
208	212
208	213
208	214
208	215
208	216
208	217
208	218
219	220
219	221
219	222
219	223
219	224
219	225
219	226
219	227
219	228
219	229
219	230
219	231
232	233
232	234
232	235
232	236
232	237
232	238
232	239
232	240
232	241
232	242
232	243
232	244
232	245
232	246
232	247
232	248
232	249
232	250
232	251
232	252
232	253
232	254
232	255
232	256
232	257
232	258
232	259
232	260
232	261
232	262
232	263
232	264
232	265
232	266
232	267
232	268
232	269
232	270
232	271
232	272
232	273
232	274
232	275
232	276
232	277
232	278
232	23
232	279
232	280
232	281
282	283
282	284
282	285
282	286
282	287
282	288
282	289
282	290
282	291
162	161
162	292
162	293
162	294
162	295
162	296
162	297
162	298
162	299
162	300
162	301
162	302
303	304
303	305
303	306
303	307
303	308
303	309
303	310
303	311
303	312
303	313
303	314
303	315
303	316
303	317
303	318
303	319
303	320
303	321
303	322
303	323
303	324
303	325
303	326
303	327
303	328
303	329
303	330
303	331
303	332
303	333
303	334
303	335
303	336
303	337
303	338
303	339
303	340
303	341
303	342
303	343
303	344
303	345
303	346
303	347
303	348
303	349
303	350
303	351
303	352
303	353
303	354
303	355
356	357
356	358
356	359
356	360
356	361
356	362
356	363
356	364
356	365
356	366
356	367
356	368
356	369
356	370
356	371
356	372
373	87
373	374
373	375
373	376
373	377
373	378
373	379
373	380
373	381
373	382
373	383
373	384
373	385
373	386
373	387
373	388
373	389
373	390
373	391
373	392
373	393
373	394
373	395
373	396
373	397
373	398
373	399
373	400
373	401
373	402
373	403
373	404
373	405
373	406
373	407
373	408
373	409
373	410
373	411
373	412
373	413
373	414
373	415
373	416
373	417
373	418
373	419
373	420
373	421
373	422
373	423
373	424
373	425
87	86
87	373
87	89
87	426
87	96
87	427
87	428
87	102
87	106
87	429
87	109
87	110
87	111
87	113
87	430
87	116
87	117
87	118
87	15
87	120
87	121
87	122
87	126
87	431
87	129
87	131
87	432
87	132
87	433
87	434
87	435
87	436
87	137
87	437
87	438
87	439
87	148
87	149
87	440
87	441
87	151
87	153
87	154
87	442
87	443
87	160
444	445
444	446
444	238
444	447
444	448
444	449
444	450
444	451
444	452
453	454
453	455
453	456
453	457
453	458
453	459
453	460
453	461
453	462
453	463
453	464
453	23
453	465
453	466
453	467
453	468
453	469
453	470
453	471
453	472
453	473
453	474
475	476
475	477
475	478
475	479
475	480
475	481
475	482
475	483
475	484
475	485
475	486
475	487
475	488
475	489
475	490
475	491
475	492
475	493
475	494
475	495
475	496
475	497
475	498
475	499
475	500
475	501
475	502
475	503
475	504
475	505
475	506
475	507
475	508
88	86
88	509
88	510
88	511
88	512
88	513
88	514
88	515
88	516
88	486
88	100
88	517
88	518
88	519
88	520
88	521
88	522
88	523
88	524
88	525
88	526
88	527
88	528
88	529
88	530
88	531
88	532
88	110
88	111
88	533
88	534
88	500
88	535
88	536
88	537
88	538
88	539
88	540
88	541
88	432
88	542
88	543
88	544
88	545
88	546
88	547
88	443
88	548
549	550
549	551
549	552
549	553
549	554
555	556
555	557
555	558
60	58
60	559
60	245
60	560
60	561
60	562
60	563
60	564
60	565
60	566
60	567
60	568
60	569
89	86
89	87
89	570
89	571
89	509
89	90
89	513
89	91
89	92
89	572
89	573
89	96
89	427
89	574
89	101
89	518
89	102
89	519
89	103
89	105
89	106
89	521
89	523
89	575
89	576
89	577
89	578
89	108
89	429
89	109
89	110
89	579
89	111
89	113
89	114
89	115
89	116
89	117
89	580
89	118
89	533
89	120
89	581
89	582
89	121
89	122
89	583
89	584
89	585
89	586
89	125
89	126
89	587
89	588
89	589
89	431
89	128
89	590
89	129
89	591
89	131
89	132
89	592
89	593
89	594
89	133
89	433
89	542
89	434
89	435
89	595
89	596
89	137
89	597
89	598
89	599
89	600
89	601
89	602
89	603
89	604
89	605
89	606
89	607
89	439
89	452
89	146
89	147
89	148
89	149
89	150
89	608
89	440
89	441
89	609
89	547
89	151
89	610
89	611
89	153
89	612
89	154
89	613
89	614
89	443
89	160
89	615
570	89
570	616
570	96
570	617
570	106
570	618
570	111
570	117
570	118
570	120
570	619
570	620
570	621
570	622
570	623
570	624
570	149
570	151
570	625
570	626
304	303
304	309
304	331
304	336
304	338
304	627
304	628
304	629
304	346
304	630
631	632
631	165
631	633
631	634
631	635
631	636
631	637
631	638
631	639
631	640
631	9
631	178
631	641
631	642
631	643
631	644
631	645
631	646
631	647
631	648
631	649
631	650
631	651
631	652
631	653
631	654
631	655
631	656
657	658
657	659
657	660
657	661
657	662
657	242
657	663
657	664
657	243
657	665
657	666
657	667
657	668
657	669
657	670
657	671
657	457
657	261
657	672
657	673
657	674
657	675
657	676
657	677
61	58
61	658
61	678
61	679
61	680
61	681
61	682
61	683
61	684
61	685
61	686
61	261
61	687
61	688
61	689
61	690
61	691
61	692
61	693
61	694
61	695
61	696
61	697
61	698
61	699
61	700
61	701
61	702
61	703
61	704
61	705
61	706
61	26
61	707
61	708
61	709
61	710
711	712
711	713
711	714
711	715
711	716
711	717
711	718
711	719
711	720
711	721
711	722
711	723
711	275
711	724
711	725
711	726
711	727
711	69
711	728
711	729
711	297
711	730
711	731
732	733
732	734
732	735
732	736
732	737
658	657
658	61
658	659
658	738
658	739
658	661
658	740
658	662
658	242
658	243
658	665
658	666
658	668
658	669
658	670
658	741
658	742
658	457
658	639
658	261
658	672
658	673
658	743
658	674
658	744
658	745
658	746
658	747
658	677
748	749
748	750
748	751
748	752
748	753
748	754
748	755
748	756
748	757
758	759
758	309
758	760
758	761
758	762
758	763
758	764
758	765
758	766
758	767
758	768
758	566
758	769
758	770
758	771
571	89
571	90
571	91
571	92
571	515
571	772
571	171
571	773
571	774
571	775
571	776
571	777
571	95
571	96
571	639
571	778
571	779
571	780
571	574
571	9
571	178
571	781
571	101
571	519
571	103
571	782
571	105
571	521
571	577
571	783
571	784
571	785
571	578
571	108
571	786
571	111
571	787
571	123
571	583
571	536
571	788
571	125
571	789
571	790
571	128
571	791
571	792
571	432
571	793
571	794
571	542
571	190
571	595
571	596
571	795
571	599
571	796
571	797
571	603
571	798
571	799
571	800
571	801
571	439
571	150
571	608
571	802
571	803
571	152
571	610
571	804
571	407
571	408
571	412
571	154
571	417
571	805
571	806
571	807
571	808
571	809
571	810
571	811
812	445
812	813
812	814
812	687
812	815
812	816
812	432
812	817
812	818
812	819
812	820
812	821
812	822
812	823
812	824
812	825
812	826
812	827
812	828
812	829
812	830
812	831
812	832
812	833
812	834
812	835
559	445
559	60
559	836
559	697
559	837
559	838
559	839
559	840
559	841
559	842
559	843
559	703
559	844
559	563
559	756
559	564
559	565
559	845
559	846
559	847
559	848
559	849
850	9
850	851
850	852
850	853
850	736
850	854
855	856
855	857
858	859
858	860
858	861
858	862
858	863
858	212
858	260
858	864
858	865
858	866
858	867
858	294
858	868
858	869
858	870
858	871
858	872
858	873
858	874
858	875
858	876
858	877
858	878
858	879
858	880
858	881
858	882
858	883
858	884
858	885
858	886
858	213
858	887
858	888
858	889
858	890
858	891
858	892
858	893
858	894
858	895
858	896
858	897
858	898
858	899
858	900
858	901
858	902
858	214
858	903
858	904
858	905
858	906
858	907
858	908
858	909
858	910
858	911
858	912
858	913
858	914
858	915
858	916
858	917
858	918
858	919
858	920
858	278
858	921
858	922
858	923
858	924
858	925
858	926
858	927
858	928
858	929
858	930
858	931
858	932
858	933
858	934
858	935
858	936
858	937
858	938
858	939
858	940
858	941
858	942
858	943
858	944
858	945
858	946
858	947
858	948
858	949
209	208
209	210
209	950
209	211
209	212
209	951
209	952
209	953
209	954
209	955
209	838
209	956
209	957
209	771
958	171
958	516
958	959
958	960
958	961
958	962
958	963
958	529
958	964
958	965
958	966
958	536
958	967
958	804
968	969
968	970
968	971
968	972
968	973
968	974
968	975
968	976
968	851
968	977
968	978
968	979
968	299
968	980
968	981
968	736
968	982
968	983
968	984
968	985
968	986
968	987
968	988
968	989
990	991
990	992
990	993
990	994
990	995
990	984
990	996
990	997
998	680
998	999
998	1000
998	1001
998	1002
998	1003
998	1004
998	1005
998	1006
998	1007
998	467
998	1008
998	1009
998	1010
998	1011
1012	1013
1012	1014
1012	1015
1012	1016
1012	1017
1012	485
1012	1018
1012	1019
1012	1020
1012	1021
1012	1022
1012	1023
1012	1024
1012	581
1012	1025
1012	1026
1012	1027
1012	1028
1012	1029
1012	1030
1012	1031
1012	1032
1012	1033
1012	1034
1035	1036
1035	1037
1035	1038
1035	1039
1035	1040
1035	1041
1035	1042
1035	1043
1035	1044
1035	1045
1035	1046
1035	1047
1035	745
1035	281
1035	1048
1035	1049
1035	1050
1051	1052
1051	1053
1051	1054
1051	807
969	968
969	971
969	972
969	974
969	1055
969	851
969	734
969	977
969	111
969	1056
969	736
969	1057
969	1058
969	1059
969	1060
969	1061
969	1062
1063	1064
1063	1065
1063	1066
1063	1067
1063	1068
1063	1069
1070	1071
1070	814
1070	1072
1070	1073
1070	1074
1070	1075
1070	1076
1070	1077
1070	1078
1070	1079
749	748
749	1080
749	1081
749	1082
749	1083
749	1084
749	1085
749	1086
749	1087
749	1088
749	1089
749	1090
749	1091
749	1092
749	1093
749	1094
749	1095
749	1096
749	1097
749	1098
749	1099
749	1100
749	1101
749	1102
749	1103
749	1104
749	1105
749	1106
749	1107
749	1108
749	1109
749	757
749	1110
749	1111
749	1112
749	1113
749	1114
749	1115
749	1116
1117	1118
1119	531
1119	1120
1119	1121
1119	1122
1119	1123
1119	1124
659	657
659	658
659	33
659	1125
659	660
659	661
659	1126
659	662
659	242
659	663
659	243
659	665
659	1127
659	666
659	667
659	668
659	669
659	670
659	741
659	1128
659	671
659	457
659	261
659	672
659	1129
659	673
659	674
659	675
659	262
659	1130
659	1131
659	677
446	444
446	1132
446	634
446	1133
446	1134
446	636
446	174
446	639
446	1135
446	9
446	178
446	1136
446	1137
446	1138
446	994
446	1139
446	1140
446	1141
446	336
446	1142
446	1143
446	1144
446	1145
1146	1036
1146	1147
1146	1037
1146	240
1146	242
1146	1148
1146	1149
1146	1150
1146	1151
1146	1039
1146	1152
1146	1153
1146	1154
1146	667
1146	1155
1146	1043
1146	250
1146	1156
1146	639
1146	1157
1146	674
1146	1158
1146	1159
1146	1160
1146	1161
1146	745
1146	1162
1146	1163
1146	1164
1146	1165
1146	1166
1146	1167
1146	1049
1146	1168
1169	509
1169	1170
1169	1171
1169	33
1169	90
1169	1172
1169	1173
1169	1015
1169	1174
1169	1016
1169	1175
1169	1017
1169	1176
1169	1177
1169	1178
1169	1179
1169	1021
1169	1180
1169	784
1169	1181
1169	1182
1169	1183
1169	1184
1169	280
1169	1033
1169	1185
1169	1186
163	161
163	1132
163	509
163	1171
163	33
163	35
163	1187
163	1188
163	1189
163	174
163	175
163	1190
163	640
163	1191
163	1192
163	183
163	1193
163	536
163	1194
163	37
163	1195
163	191
163	1196
163	1197
163	1198
509	88
509	89
509	1132
509	1169
509	163
509	1170
509	90
509	511
509	512
509	1199
509	513
509	514
509	1200
509	1201
509	515
509	1202
509	1189
509	1203
509	778
509	574
509	99
509	1204
509	518
509	1205
509	519
509	103
509	520
509	521
509	1206
509	524
509	1207
509	488
509	1208
509	531
509	1209
509	108
509	786
509	111
509	114
509	115
509	15
509	533
509	1210
509	583
509	1211
509	1212
509	536
509	1213
509	1194
509	1214
509	1215
509	537
509	1216
509	1217
509	541
509	1218
509	1219
509	1220
509	542
509	1221
1170	1132
1170	1169
1170	509
1170	33
1170	1222
1170	1223
1170	1224
1170	1225
1170	1226
1170	1227
1170	487
1170	521
1170	1228
1170	1229
1170	499
1170	1230
1170	1231
1170	1232
1170	1233
1171	1132
1171	1169
1171	163
1171	33
1171	37
33	32
33	161
33	1132
33	659
33	1169
33	163
33	1170
33	1171
33	1234
33	35
33	1081
33	1235
33	1187
33	174
33	1236
33	37
33	1195
33	463
33	1237
33	1238
33	1239
90	86
90	89
90	571
90	1169
90	509
90	513
90	91
90	92
90	1200
90	515
90	773
90	774
90	95
90	96
90	486
90	778
90	780
90	574
90	1240
90	519
90	103
90	782
90	577
90	529
90	578
90	108
90	786
90	111
90	115
90	117
90	15
90	123
90	583
90	1241
90	788
90	125
90	128
90	1242
90	432
90	794
90	543
90	190
90	451
90	595
90	596
90	599
90	796
90	1243
90	280
90	1244
90	601
90	1245
90	146
90	608
90	547
90	1246
90	152
90	610
90	153
90	809
90	1247
90	811
1248	1249
1248	1250
1248	1251
1248	1252
1248	1253
1248	1254
1248	929
1248	1255
1248	1256
1248	1257
1248	1258
1259	374
1259	1260
1259	377
1259	1261
1259	1262
1259	387
1259	1263
1259	1264
1259	1265
1259	1266
1259	409
1259	1267
1259	1268
1259	1269
1270	1271
1272	510
1272	244
1272	1273
1272	1188
1272	1274
1272	1275
1272	529
1272	1276
1277	1278
1277	1279
1280	972
1280	735
1280	1281
1280	980
1280	736
1280	1282
1280	1283
1280	986
1284	551
1284	1285
1284	1286
1284	1287
1284	552
1284	1288
1284	1289
1284	1290
1284	1291
1284	712
1284	1292
1284	714
1284	1293
1284	1294
1284	1295
1284	1296
1284	1297
1284	1298
1284	722
1284	1299
1284	1300
1284	1301
1284	1302
1284	1303
1284	1304
1284	1305
1284	1306
1284	727
1284	1307
1284	1308
1284	729
1284	1309
1284	1310
1284	1311
1284	1312
1284	1313
1284	1314
1284	1315
1284	1316
1284	1317
1284	1318
1284	1319
1284	1320
1284	1321
1284	1322
1284	1323
1284	1324
1284	1325
1284	1326
1284	1327
1284	1328
1284	1329
1284	1330
1284	1331
1284	1332
1284	1333
1284	1334
1284	1335
1284	1336
1284	1337
1284	1338
1284	1339
1284	1340
1284	1341
1284	1342
1284	1343
1284	1344
1284	1345
1346	1347
1346	1348
1036	1035
1036	1146
1036	1037
1036	240
1036	1349
1036	1039
1036	1350
1036	1042
1036	1351
1036	1043
1036	250
1036	1352
1036	1159
1036	1353
1036	745
1036	1354
1036	1049
1036	1355
1356	1357
1356	1358
1356	1359
1356	1360
1356	1361
1356	1362
1356	1363
1356	1364
1356	1365
1356	1366
1356	1367
1356	1368
1356	1369
1356	1370
1356	401
1356	1371
1356	1372
1356	1373
1356	417
1356	1374
1356	1375
1356	1376
1356	1377
210	208
210	209
210	950
210	211
210	212
210	951
210	952
210	1378
210	107
210	1379
210	1380
210	1381
210	55
210	1382
210	1383
210	1384
210	953
210	275
210	1385
210	1386
210	1387
210	1388
210	1389
210	1390
210	1391
210	1392
210	1393
210	1394
210	1395
210	1396
210	1397
210	1398
210	1399
210	1400
210	1401
210	1402
210	1403
510	88
510	1272
510	1404
510	1405
510	1406
510	1407
510	1408
510	1409
510	476
510	1410
510	1411
510	1412
510	1080
510	1413
510	1414
510	1415
510	1416
510	1417
510	1418
510	1419
510	1420
510	1273
510	616
510	516
510	1188
510	959
510	1421
510	1422
510	639
510	1423
510	1424
510	1425
510	960
510	617
510	1426
510	1427
510	100
510	1275
510	1428
510	1429
510	520
510	1430
510	1431
510	1432
510	1433
510	1434
510	1435
510	526
510	527
510	528
510	529
510	965
510	1436
510	1437
510	646
510	1438
510	1230
510	534
510	1439
510	1440
510	1441
510	1442
510	1443
510	1444
510	1445
510	1446
510	1447
510	1448
510	1449
510	539
510	1450
510	1451
510	1452
510	1453
510	1454
510	1455
510	1456
510	360
510	1457
510	1276
510	1458
510	1029
510	1459
510	1460
510	1461
510	1462
510	1463
510	1464
510	1465
510	1466
510	1467
510	1468
510	1469
510	1470
510	1471
510	1472
510	1473
510	1474
510	1475
510	1476
510	1477
510	1478
510	1479
510	1480
510	1481
510	1482
510	1483
510	1484
510	1485
510	364
510	1486
510	1487
510	1488
510	1489
510	1490
510	1491
510	1492
510	1493
510	1494
510	1495
510	1496
510	1497
510	1498
510	1499
510	1500
510	1501
510	1502
510	1503
510	1504
510	1505
510	1506
510	1507
510	607
510	1508
510	1509
510	1510
510	1511
510	1512
510	1513
510	1514
510	1515
510	1516
510	1517
510	1518
510	1519
510	1520
510	1521
510	1522
510	1523
510	1524
510	1525
510	1526
510	85
510	1527
510	1528
510	425
510	1529
510	1530
1404	510
1404	1405
1404	1406
1404	1408
1404	1080
1404	1415
1404	1416
1404	1417
1404	1418
1404	1419
1404	1531
1404	1425
1404	1431
1404	529
1404	56
1404	1532
1404	646
1404	534
1404	1533
1404	1443
1404	1444
1404	1534
1404	1450
1404	1535
1404	1455
1404	1456
1404	1457
1404	1458
1404	1029
1404	1461
1404	1462
1404	1536
1404	1537
1404	1538
1404	1468
1404	1469
1404	1539
1404	1470
1404	1471
1404	1540
1404	1476
1404	1479
1404	1483
1404	1485
1404	1486
1404	1541
1404	1488
1404	1542
1404	1543
1404	1544
1404	1490
1404	1491
1404	1545
1404	1494
1404	1546
1404	1501
1404	1502
1404	1507
1404	607
1404	1508
1404	1510
1404	1547
1404	1548
1404	1515
1404	1517
1404	1518
1404	1521
1404	1522
1404	1549
1404	1550
1404	1527
1404	1551
1404	1529
1404	1530
1404	1552
1404	207
1553	1554
1553	1424
1553	1555
1553	1556
1553	1557
1553	1558
1553	1559
1553	1560
1553	716
1553	1561
1553	1562
1553	1563
1553	1564
1553	1565
1553	1566
1553	1567
1553	1568
1553	1569
1553	1570
1553	497
1553	1571
1553	1572
1553	1573
1553	1574
1553	1575
1576	1577
1576	1578
1576	1579
1576	1580
1576	280
1576	1581
1576	1582
1576	1583
1584	1585
1584	1586
1584	1587
1584	591
1584	1588
1584	994
1584	1589
1405	510
1405	1404
1405	1590
1405	1408
1405	1591
1405	1175
1405	1592
1405	486
1405	1593
1405	1178
1405	100
1405	1021
1405	1594
1405	1595
1405	1557
1405	1596
1405	1597
1405	495
1405	1437
1405	1598
1405	1599
1405	1441
1405	1571
1405	1449
1405	1600
1405	1450
1405	1601
1405	1454
1405	1456
1405	1602
1405	1603
1405	1457
1405	1604
1405	1605
1405	1606
1405	1029
1405	1607
1405	1459
1405	1461
1405	1465
1405	1608
1405	1469
1405	1472
1405	1477
1405	1609
1405	1610
1405	1611
1405	1612
1405	1613
1405	1614
1405	1104
1405	1615
1405	1616
1405	1488
1405	1617
1405	1618
1405	1546
1405	1619
1405	1499
1405	1501
1405	1620
1405	1502
1405	1621
1405	1504
1405	1622
1405	1506
1405	1623
1405	1624
1405	1625
1405	1626
1405	1627
1405	1032
1405	1033
1405	1628
1405	1518
1405	1629
1405	1630
1405	1631
1405	1632
1405	1525
1405	1550
1405	1633
1405	1527
1405	1634
1405	1529
813	445
813	812
813	1635
813	1636
813	1637
813	1638
813	1639
813	1640
813	1641
813	1642
813	5
813	1643
813	1644
813	6
813	1645
813	687
813	815
813	1646
813	1647
813	1648
813	1649
813	1650
813	1651
813	16
813	22
813	1095
813	1652
813	1653
813	821
813	1654
813	335
813	53
813	1655
813	1656
813	1657
813	27
813	1658
1659	1660
1659	642
1659	1661
1659	1662
1659	1663
1659	1664
1659	1665
1659	1666
1659	1667
1659	1668
1659	1669
1659	1670
1659	1671
1659	1672
1659	1673
1659	1674
1659	1675
1659	1676
1659	1677
1659	1678
1659	1679
1659	1680
1659	1681
1659	1682
1659	1683
1659	1684
1685	1686
1685	1687
1685	1688
1685	1689
1685	1690
1685	1691
1685	1692
1685	1693
1685	1694
1685	697
1685	1695
1685	1696
1685	1697
1698	1699
1698	762
1698	1700
1698	766
1698	1701
1698	1702
1698	1703
1698	849
1698	1704
1406	510
1406	1404
1406	165
1406	1416
1406	1705
1406	1417
1406	1418
1406	636
1406	1425
1406	1431
1406	1706
1406	529
1406	646
1406	1444
1406	1450
1406	1455
1406	1456
1406	1029
1406	1461
1406	1536
1406	1485
1406	1707
1406	1488
1406	1542
1406	1544
1406	1491
1406	607
1406	1508
1406	1515
1406	1517
1406	1530
1590	1405
1590	1222
1590	476
1590	478
1590	1708
1590	1709
1590	1175
1590	1710
1590	1711
1590	483
1590	484
1590	485
1590	1178
1590	1712
1590	487
1590	1713
1590	1714
1590	1715
1590	962
1590	1716
1590	1717
1590	1435
1590	1718
1590	1719
1590	490
1590	1720
1590	494
1590	495
1590	1721
1590	496
1590	1722
1590	498
1590	499
1590	1598
1590	1723
1590	1724
1590	500
1590	1725
1590	1726
1590	1194
1590	502
1590	503
1590	190
1590	1727
1590	1728
1590	1313
1590	1729
1590	1730
1590	1731
1590	1732
1590	1733
1590	1734
1590	1735
1590	1736
1590	1737
1590	1738
1590	1739
1590	1740
1590	1741
1590	1742
1590	1743
1590	1744
1590	1745
1590	1746
1747	3
1747	1748
1407	510
1407	1749
1407	1125
1407	1223
1407	1080
1407	1750
1407	1420
1407	1751
1407	1531
1407	776
1407	1290
1407	959
1407	1752
1407	1203
1407	1753
1407	1754
1407	1755
1407	1756
1407	1757
1407	1758
1407	1759
1407	1760
1407	309
1407	527
1407	1761
1407	1762
1407	1763
1407	1301
1407	1764
1407	1722
1407	1765
1407	1766
1407	1767
1407	1768
1407	1769
1407	1230
1407	1770
1407	1771
1407	1305
1407	1772
1407	1773
1407	1774
1407	503
1407	1775
1407	1776
1407	1777
1407	1778
1407	1779
1407	1780
1407	1238
1407	799
1407	801
1407	1515
1407	1781
1407	1782
1407	1783
1407	1784
1785	1786
1785	1787
1785	1788
1785	1288
1785	1789
1785	1790
1785	1791
1785	1792
1785	1793
1785	1794
1785	1795
1785	1796
1785	1797
1785	1798
1785	1799
1785	1800
1785	1801
1785	1802
1785	1803
1785	1804
1785	1267
1785	1805
1785	1806
1785	1807
1808	682
1808	1809
1808	1810
1808	1811
1808	1812
1808	762
1808	1813
1808	1814
1808	1815
1808	1479
1808	1816
1808	1393
1808	1817
1808	1700
1808	768
1808	1818
1808	26
1808	1819
1808	1820
1808	1821
1808	1822
1808	1823
1808	1824
1808	1825
1808	1826
1808	1827
1808	1828
1408	510
1408	1404
1408	1405
1408	1829
1408	1830
1408	1831
1408	1832
1408	1833
1408	639
1408	100
1408	1834
1408	523
1408	1835
1408	1836
1408	1594
1408	1434
1408	1837
1408	1838
1408	1839
1408	1840
1408	1841
1408	1436
1408	1842
1408	1843
1408	1844
1408	1845
1408	1306
1408	1846
1408	914
1408	1533
1408	1444
1408	1847
1408	1451
1408	1848
1408	1849
1408	1850
1408	1851
1408	1852
1408	1853
1408	1160
1408	1854
1408	1855
1408	1856
1408	1857
1408	1858
1408	1859
1408	1860
1408	1163
1408	364
1408	1861
1408	1862
1408	1863
1408	1864
1408	1865
1408	1866
1408	1867
1408	1166
1408	1868
1408	1869
1408	1870
1408	622
1408	1871
1408	1872
1408	1622
1408	1873
1408	1874
1408	1875
1408	1876
1408	1877
1408	1167
1408	1878
1408	1516
1408	1879
1408	1880
1408	1881
1408	1882
1408	1883
1408	1884
1408	1885
1408	1886
1408	1527
1408	425
1408	1887
1408	1168
1888	999
1888	1889
1888	1890
1888	1428
1888	1891
1888	1892
1888	1893
1888	1894
1888	1895
1888	1896
1888	1490
1749	1407
1749	513
1749	93
1749	1750
1749	1897
1749	98
1749	1757
1749	100
1749	101
1749	1758
1749	1898
1749	1899
1749	449
1749	1900
1749	1594
1749	1901
1749	1902
1749	1903
1749	1904
1749	1905
1749	56
1749	1906
1749	1907
1749	1908
1749	1909
1749	1910
1749	1911
1749	15
1749	1766
1749	1912
1749	1767
1749	1771
1749	1211
1749	1913
1749	1914
1749	1915
1749	1916
1749	1917
1749	1918
1749	1919
1749	1214
1749	1920
1749	1773
1749	1921
1749	1922
1749	1923
1749	317
1749	1774
1749	1924
1749	1925
1749	1926
1749	1927
1749	1928
1749	1929
1749	1450
1749	1930
1749	1775
1749	1778
1749	1931
1749	1932
1749	1933
1749	1934
1749	1935
1749	1936
1749	1937
1749	1938
1749	1939
1749	1940
1749	1941
1749	1942
1749	1943
1749	1734
1749	1944
1749	1945
1749	1946
1749	1947
1749	1948
1749	1949
1749	1950
1749	1951
164	161
164	165
164	166
164	1234
164	238
164	170
164	560
164	1952
164	636
164	1423
164	1425
164	9
164	178
164	1953
164	190
164	192
164	1954
164	196
164	1955
164	844
164	1956
164	1957
164	1958
164	1959
164	48
164	1960
164	1961
164	1962
164	1824
164	1963
164	302
1964	511
1964	1965
1964	515
1964	680
1964	1966
1964	1203
1964	98
1964	1967
1964	99
1964	517
1964	1968
1964	1969
1964	56
1964	15
1964	1970
1964	1971
1964	1210
1964	1972
1964	1973
1964	1974
1964	1919
1964	1975
1964	1976
1964	1977
1964	1940
1964	1978
1964	1979
1964	1980
1964	1981
1964	1982
511	88
511	509
511	1964
511	512
511	513
511	1983
511	1984
511	95
511	98
511	778
511	1985
511	1986
511	99
511	1987
511	1204
511	100
511	517
511	1988
511	1989
511	520
511	523
511	1990
511	1991
511	309
511	488
511	1992
511	1993
511	1902
511	1209
511	15
511	1971
511	1994
511	1973
511	1919
511	1927
511	1450
511	1463
511	1995
511	604
511	1940
511	1980
511	1996
511	1997
511	1998
1829	1408
1829	1999
1829	2000
1829	1830
1829	1831
1829	2001
1829	1832
1829	2002
1829	1833
1829	639
1829	1436
1829	1845
1829	1852
1829	1160
1829	1857
1829	2003
1829	1858
1829	1859
1829	2004
1829	1861
1829	1865
1829	1866
1829	1867
1829	1868
1829	1869
1829	1870
1829	1880
1829	2005
1829	2006
2007	2008
2007	262
2007	2009
2007	2010
2007	2011
2007	23
2007	2012
2007	2013
2014	2015
2014	2016
2014	2017
2014	478
2014	1420
2014	2018
2014	481
2014	2019
2014	2020
2014	2021
2014	2022
2014	2023
2014	2024
2014	1559
2014	2025
2014	1718
2014	2026
2014	2027
2014	2028
2014	1561
2014	2029
2014	2030
2014	2031
2014	964
2014	2032
2014	492
2014	1380
2014	2033
2014	2034
2014	2035
2014	2036
2014	2037
2014	2038
2014	2039
2014	1571
2014	2040
2014	2041
2014	2042
2014	2043
2014	794
2014	2044
2014	2045
2014	1243
2014	1732
2014	2046
2014	1489
2014	2047
2014	2048
2014	2049
2014	2050
2014	2051
2014	2052
2	1
2	1132
2	3
2	2053
2	2054
2	479
2	51
2	2055
2	7
2	9
2	1645
2	11
2	12
2	2056
2	16
2	17
2	18
2	2057
2	1237
2	23
2	2058
2	53
2	2059
2	2060
2	1079
2	2061
454	453
454	2008
454	2062
454	1000
454	743
454	461
454	2063
454	903
454	647
454	462
454	2064
454	23
454	1140
454	2065
454	2066
454	2067
454	2068
454	2069
454	468
454	2070
1409	510
1409	2071
1409	2072
1409	2073
1409	2074
1409	666
1409	1273
1409	1188
1409	2075
1409	2076
1409	2077
1409	639
1409	99
1409	1426
1409	1427
1409	1204
1409	1275
1409	2078
1409	962
1409	2079
1409	2080
1409	2081
1409	1209
1409	56
1409	2082
1409	2083
1409	1276
1409	1977
1409	2084
1409	1732
1409	2085
1409	2086
1409	2087
1409	2088
1409	2089
1409	2090
1409	2091
2092	2093
2092	2094
1999	1829
1999	2095
1999	2096
1999	2097
1999	2098
1999	2099
1999	2100
1999	2101
1999	2102
1999	196
1999	2103
1999	2104
1999	2105
1999	2106
1999	2107
2108	1412
2108	2074
2108	560
2108	66
2108	486
2108	639
2108	67
2108	1985
2108	2109
2108	1990
2108	783
2108	2110
2108	1210
2108	2111
2108	2112
2108	1954
2108	2113
2108	2114
2108	2115
2108	2116
2108	1527
2117	2118
2117	2119
2117	2120
2117	2121
2117	2122
2117	1689
2117	2123
2117	2124
2117	1832
2117	2125
2117	2126
2117	2127
2117	2128
2117	2129
2117	2130
2117	2131
2117	2002
2117	2132
2117	2133
2117	2134
2117	2135
2117	2136
2117	2137
2117	2138
2117	2139
2117	639
2117	2140
2117	2141
2117	2142
2117	2143
2117	2144
2117	2145
2117	2146
2117	2147
2117	2148
2117	2149
2117	2150
2117	2151
2117	2152
2117	2153
2117	2154
2117	2155
2117	2156
2117	2157
2117	2158
2117	2159
2117	844
2117	2160
2117	845
2117	849
2117	471
2117	2161
2118	2117
2118	1686
2118	2000
2118	2162
2118	2163
2118	1695
2118	2164
2165	1754
2165	1760
2165	2166
2165	2167
2165	1300
2165	2168
2165	2169
2165	2170
2165	2171
2165	2172
2165	2173
2119	2117
2119	2054
2119	51
2119	2174
2119	2175
2176	1081
2176	2177
2176	2178
1222	1170
1222	1590
1222	1223
1222	1224
1222	1225
1222	2179
1222	2180
1222	487
1222	2181
1222	2182
1222	490
1222	1229
1222	495
1222	1722
1222	497
1222	499
1222	536
1222	2183
1222	2184
1222	1741
1686	1685
1686	2118
1686	1687
1686	738
1686	2185
1686	1688
1686	2186
1686	286
1686	2187
1686	2188
1686	639
1686	1691
1686	1693
1686	2189
1686	2190
1686	2191
1686	1208
1686	1694
1686	2192
1686	2193
1686	2194
1686	2195
1686	2196
1686	2163
1686	2197
1686	2198
1686	2199
1686	2200
1686	2098
1686	71
1686	2201
1686	1456
1686	2202
1686	2203
1686	1124
1686	1695
1686	2204
1686	2205
1686	704
1686	2206
1686	2207
1686	2208
1686	2209
1686	2210
1686	2211
1686	2212
1686	2213
1686	2214
1686	2215
1686	1739
1686	2216
1686	350
1686	2217
1686	2218
1686	2219
1686	2220
1686	2221
1636	813
1636	1640
1636	1641
1636	1642
1636	5
1636	1643
1636	1644
1636	6
1636	1645
1636	1646
1636	1649
1636	2222
1636	22
1636	2223
1636	1528
2224	662
2224	2225
2224	742
2224	2226
2224	2227
2224	2228
2224	2229
2224	2097
2224	2230
2224	2231
2224	708
2232	2233
2232	2234
2232	2235
2232	2236
2237	2238
2237	640
2237	2239
2237	2240
2237	2241
2237	2242
2237	2243
2237	2244
2237	1103
2237	2245
2237	2246
2237	2247
2237	2248
2249	2250
2000	1829
2000	2118
2000	2198
2000	1695
2120	2117
2120	2121
2120	2251
2120	2122
2120	2252
2120	1126
2120	243
2120	2253
2120	2001
2120	2130
2120	2134
2120	2254
2120	2138
2120	1593
2120	639
2120	2255
2120	2256
2120	2143
2120	2257
2120	2258
2120	2149
2120	2259
2120	2260
2120	2261
2120	2262
2120	2151
2120	2263
2120	2264
2120	2154
2120	2265
2120	2266
2120	1996
2120	2267
2120	2268
2269	2270
2269	427
2269	2271
2269	2272
2269	525
2269	2273
2269	385
2269	2274
2269	2275
2269	2276
2269	387
2269	2277
2269	2278
2269	2279
2269	2280
2269	1449
2269	2281
2269	2282
2269	2283
2269	2284
2269	2285
2269	439
2269	2286
2269	2287
2269	2288
2269	2289
2269	2290
1687	632
1687	1685
1687	1686
1687	1688
1687	481
1687	2138
1687	1691
1687	1692
1687	1693
1687	2163
1687	2291
1687	2292
1687	2293
738	658
738	1686
738	513
738	660
738	1412
738	2294
738	662
738	2295
738	243
738	2296
738	1041
738	2297
738	668
738	669
738	2298
738	2299
738	2300
738	2188
738	65
738	457
738	672
738	99
738	2301
738	2302
738	676
738	2303
738	2304
738	2305
738	2306
738	2307
738	1594
738	309
738	1435
738	1208
738	530
738	2308
738	2309
738	2310
738	1904
738	2311
738	2312
738	2193
738	2196
738	2313
738	2314
738	15
738	2315
738	2316
738	1210
738	2317
738	2318
738	2319
738	2320
738	2321
738	2322
738	2323
738	1137
738	1926
738	2324
738	542
738	2325
738	2326
738	543
738	2327
738	2328
738	2329
738	2330
738	320
738	71
738	2331
738	2332
738	2333
738	2334
738	2335
738	2336
738	2337
738	2338
738	2339
738	744
738	2340
738	333
738	2341
738	2342
738	2343
738	281
738	2344
738	2345
738	2346
738	2347
738	2208
738	2348
738	2349
738	2210
738	2350
738	2351
738	2352
738	2353
738	2354
738	1656
738	2355
738	2356
738	2357
738	2358
738	1944
738	2359
738	2360
738	708
738	2361
738	2362
738	2363
738	1745
738	2364
738	2365
738	2366
738	2367
738	2368
738	2369
738	2370
738	2371
738	2372
738	2373
2374	2375
2374	2134
2374	2376
2374	1692
2374	2377
2374	1603
2374	1696
2374	704
2374	2266
2374	2378
2071	1409
2071	1751
2071	1531
2071	2379
2071	2380
2071	2381
2071	2382
2071	1426
2071	1204
2071	2383
2071	2384
2071	1301
2071	2385
2071	2386
2071	2387
2071	1450
2071	650
2071	1733
2071	2388
2071	2389
2390	2391
2390	2392
2390	9
2390	100
2390	2393
2390	646
2390	2394
2390	2395
2390	1539
2390	2396
2391	2390
165	161
165	631
165	1132
165	1406
165	164
165	2185
165	1234
165	2397
165	2398
165	39
165	477
165	238
165	634
165	2399
165	2400
165	2401
165	2402
165	2403
165	836
165	254
165	2404
165	636
165	1187
165	2405
165	639
165	447
165	1135
165	2406
165	9
165	178
165	641
165	2393
165	41
165	2407
165	646
165	2315
165	2408
165	2409
165	2410
165	2411
165	2412
165	2413
165	1137
165	2414
165	2415
165	697
165	2416
165	2417
165	2418
165	2419
165	23
165	2420
165	2421
165	2422
165	2423
165	2424
165	1539
165	842
165	2425
165	2426
165	703
165	2291
165	2427
165	652
165	2428
165	2429
165	1496
165	47
165	2430
165	2431
165	1509
165	2432
165	807
165	2433
2434	2435
2434	2436
2434	2437
2434	2438
166	161
166	164
166	1349
166	170
166	2095
166	639
166	2439
166	192
166	1954
166	196
166	2116
1234	33
1234	164
1234	165
1234	2397
1234	238
1234	2440
1234	2402
1234	2441
1234	2404
1234	636
1234	1187
1234	2442
1234	2443
1234	639
1234	1135
1234	2444
1234	2406
1234	9
1234	178
1234	1192
1234	2445
1234	41
1234	646
1234	2315
1234	2411
1234	37
1234	2446
1234	1137
1234	2414
1234	1455
1234	23
1234	2447
1234	2448
1234	2449
1234	2450
1234	2451
1234	2452
1234	2453
1234	2454
1234	2455
1234	2456
1234	2428
1234	2457
1234	2458
1234	469
1234	2459
1234	2460
1234	807
1234	2461
1234	2462
1234	2463
1234	2464
1234	207
1013	1012
1013	1019
1013	2465
1013	2466
1013	2467
1013	2468
1013	1031
1013	2469
1013	1032
1013	2470
1013	2471
1013	2472
512	88
512	509
512	511
512	513
512	1201
512	515
512	93
512	2054
512	2299
512	1189
512	96
512	1203
512	518
512	2473
512	1205
512	519
512	103
512	521
512	1898
512	1435
512	524
512	525
512	1207
512	531
512	532
512	111
512	533
512	499
512	1230
512	1211
512	1213
512	1194
512	537
512	1922
512	541
512	1220
512	542
512	2474
512	150
2475	242
2475	2476
2475	2297
2475	2477
2475	2124
2475	1832
2475	2125
2475	2126
2475	2134
2475	2138
2475	2478
2475	2479
2475	2480
2475	2154
2475	2098
2475	2481
2475	2482
2475	1103
2121	2117
2121	2120
2121	2251
2121	2122
2121	2001
2121	2130
2121	2134
2121	2138
2121	2139
2121	639
2121	2141
2121	2143
2121	2144
2121	2483
2121	2149
2121	2261
2121	2150
2121	2263
2121	2154
2121	2484
2485	2486
2485	2487
2485	2488
2485	2489
2485	2490
2485	2491
2485	2492
1125	659
1125	1407
1125	660
1125	661
1125	241
1125	662
1125	665
1125	666
1125	668
1125	669
1125	741
1125	1128
1125	2493
1125	1290
1125	2494
1125	457
1125	712
1125	2495
1125	1753
1125	639
1125	1756
1125	261
1125	672
1125	1129
1125	673
1125	743
1125	674
1125	714
1125	1991
1125	2496
1125	309
1125	2497
1125	2498
1125	1761
1125	2499
1125	722
1125	2500
1125	725
1125	1587
1125	1770
1125	1305
1125	2501
1125	539
1125	2502
1125	2503
1125	744
1125	2504
1125	2505
1125	2506
1125	677
633	631
633	678
633	2507
633	2508
633	2509
633	2510
633	1127
633	1072
633	2511
633	2512
633	247
633	2513
633	2514
633	2403
633	2515
633	2516
633	1705
633	2517
633	2518
633	2519
633	1289
633	1137
633	2520
633	2425
2521	2522
2521	2523
2521	2524
2521	2525
2521	726
2521	2526
2521	2527
2521	2528
2521	2529
2521	2530
2521	45
2521	2531
2521	2532
2521	2533
2521	2534
2521	2535
2521	2536
2521	2537
2521	2538
2521	2539
2521	2540
2541	2542
2541	2228
2541	2543
1637	445
1637	813
1637	1635
1637	39
1637	814
1637	11
1637	687
1637	1646
1637	1648
1637	1650
1637	309
1637	2544
1637	15
1637	16
1637	314
1637	22
1637	1095
1637	2545
1637	1654
1637	842
1637	2546
1637	336
1637	2291
1637	566
1637	2547
1637	2548
1637	27
1637	2549
1637	2550
2397	165
2397	1234
2397	238
2397	2402
2397	2551
2397	636
2397	2442
2397	2443
2397	9
2397	178
2397	2552
2397	2553
2397	2554
2397	2315
2397	1230
2397	69
2397	2040
2397	2415
2397	2555
2397	2556
2397	2557
2397	2558
2397	2559
2397	2560
2397	2561
2397	2562
2397	2563
2564	2565
2564	2400
2564	2566
2564	2567
2564	360
2398	165
2398	67
2398	640
2398	9
2398	178
2398	2568
2398	2569
2398	2570
2398	2571
2398	2572
2398	1210
2398	2111
2398	2573
2398	320
2398	71
2398	2414
2398	2574
2398	2422
2398	72
2398	2575
2398	2576
2398	141
2398	2346
2398	2428
2398	1957
2398	2577
2398	2578
2398	1509
2398	2579
2398	2580
233	232
233	242
233	245
233	750
233	256
233	2581
233	2582
233	2583
233	2584
233	2585
233	2586
233	2587
233	2588
233	2589
233	2590
233	279
233	2591
233	2592
233	2593
2594	479
2594	485
2594	2595
2594	2596
2594	2597
2594	2598
2599	3
2599	1199
2599	2600
2601	2602
2601	2603
1638	813
1638	1635
1638	3
1638	1640
1638	1642
1638	1644
1638	6
1638	1646
1638	1649
1638	2604
1638	2222
1638	2605
1638	2606
1638	2607
1638	842
1638	2608
1638	2609
1638	469
1638	2610
2611	2612
2611	2613
2611	2132
2611	2134
2611	639
2611	640
2611	2614
2611	909
2611	1767
2611	2410
2611	1994
2611	2615
2611	2387
2611	2416
2611	2114
2611	2115
2611	2616
2611	605
2611	2617
2611	2618
234	232
234	1688
234	235
234	238
234	239
234	241
234	242
234	1148
234	243
234	244
234	246
234	2619
234	1042
234	248
234	252
234	253
234	255
234	258
234	2620
234	275
234	278
234	2621
234	1164
234	2622
234	747
235	232
235	234
235	238
235	241
235	242
235	245
235	249
235	252
235	254
235	255
235	257
235	259
235	275
235	278
235	451
235	2623
235	2624
235	1463
235	281
235	2625
1172	1169
1172	1199
1172	2626
1172	1177
1172	1179
1172	2627
1172	2628
1172	1185
2629	114
2629	2630
2629	2631
2629	2632
2629	2633
2629	2634
2629	2635
1199	509
1199	2599
1199	3
1199	1172
1199	2636
1199	2637
1199	2511
1199	2054
1199	2638
1199	2174
1199	178
1199	2639
1199	2640
1199	2175
1199	2641
1199	2642
2600	2599
2600	3
2600	670
2600	2643
2600	2644
2645	2646
2645	2647
2645	2648
2645	2649
2645	81
2645	2650
2645	2651
2645	2652
2645	2653
2645	2654
2645	2655
2645	2656
2645	2657
2645	2658
236	232
236	238
236	242
236	243
236	2659
236	249
236	255
236	258
236	2660
236	2661
236	275
236	2662
236	2663
2664	2665
2664	2666
2664	2667
2664	2668
2664	2669
2664	2670
2664	2671
2664	2672
2664	2673
2664	2674
2664	2675
2664	2676
2664	2677
2664	2678
2664	2679
2664	2680
2664	2681
2664	2682
2664	2683
62	58
62	2228
2684	2685
2684	2686
2684	2687
2684	2688
74	73
74	2016
74	1831
74	2689
74	2497
74	2690
74	2691
74	2692
74	2693
74	2694
74	2695
74	2696
74	2697
74	2698
74	2699
74	909
74	2410
74	2700
74	2701
74	2702
74	2703
74	2704
74	2705
74	2706
74	2707
74	2416
74	1311
74	2708
74	2709
74	2710
74	2711
74	2712
74	2713
74	2714
74	2616
74	1495
74	2715
74	2716
74	2287
74	2717
74	2718
74	2719
74	85
74	2720
74	207
74	2721
2251	2120
2251	2121
2251	1126
2251	2134
2251	2135
2251	1833
2251	2143
2251	2151
2251	837
2251	2268
2392	2390
2392	2722
2392	2723
2392	2375
2392	2724
2392	2725
2392	2726
2392	2727
2392	1191
2392	2393
2392	2728
2392	2321
2392	1539
2392	2396
2392	2729
2392	2730
2731	1028
2731	2732
2731	2733
2731	2734
2731	2735
2731	2736
2731	2737
2731	2738
2722	2392
2722	2739
2722	2740
2722	2741
2722	2742
2722	2743
2722	2744
2722	1046
2722	2745
2722	2746
2722	2747
2722	2748
2722	2749
2722	2750
2722	2751
2722	2752
2722	2753
237	232
237	2754
237	477
237	63
237	2755
237	2756
237	2512
237	2757
237	2515
237	2758
237	2759
237	2238
237	2760
237	669
237	2761
237	65
237	2762
237	863
237	212
237	2143
237	2596
237	867
237	688
237	1293
237	642
237	2763
237	2764
237	2765
237	2766
237	264
237	872
237	265
237	2767
237	876
237	2768
237	2769
237	2770
237	2771
237	2772
237	2773
237	2774
237	2775
237	2776
237	1842
237	273
237	2588
237	2777
237	2778
237	2779
237	1771
237	2780
237	2781
237	2782
237	2783
237	2784
237	2785
237	2786
237	2787
237	2788
237	2789
237	2790
237	2791
237	2792
237	2793
237	2794
237	2795
237	936
237	2796
237	2797
237	2798
237	2799
237	2800
237	2801
237	2802
237	2803
237	2804
237	2805
237	2806
237	2807
237	2808
237	2592
237	2809
237	207
2122	2117
2122	2120
2122	2121
2122	1126
2122	2810
2122	2124
2122	2811
2122	1832
2122	2130
2122	2002
2122	2132
2122	2134
2122	2135
2122	2138
2122	2139
2122	639
2122	2142
2122	2143
2122	2144
2122	2812
2122	2478
2122	2149
2122	2261
2122	2262
2122	2151
2122	2263
2122	2154
2122	2155
2754	2813
2754	237
2754	2814
2754	1842
2754	2706
2754	2815
2754	2816
2754	2817
2754	2799
2754	2818
2754	2819
2754	2820
2821	39
2821	2636
2821	2822
2821	670
2821	2823
2821	2824
2825	2826
2825	2514
2825	2827
2825	2828
39	38
39	165
39	1637
39	2821
39	477
39	2829
39	1043
39	1788
39	1789
39	640
39	9
39	178
39	2830
39	688
39	2831
39	2832
39	309
39	2833
39	2834
39	2112
39	2835
39	2836
39	2650
39	2837
39	2838
39	43
39	2839
39	2840
39	44
39	2841
39	2576
39	1479
39	2842
39	2843
39	2844
39	2291
39	46
39	2845
39	47
39	48
39	2846
39	2847
2613	2611
2613	477
2613	1173
2613	2848
2613	2849
2613	1156
2613	447
2613	2850
2613	640
2613	1647
2613	867
2613	2851
2613	2852
2613	2853
2613	2614
2613	2260
2613	2854
2613	900
2613	1844
2613	498
2613	1438
2613	2855
2613	2856
2613	2857
2613	2858
2613	2859
2613	2860
2613	2861
2613	2862
2613	1160
2613	2863
2613	2864
2613	2865
2613	2866
2613	2867
2613	1161
2613	2868
2613	1729
2613	2869
2613	2870
2613	2871
2613	1163
2613	2872
2613	2114
2613	2616
2613	2388
2613	2873
2613	2874
2613	1167
2613	2875
2613	2876
2613	2877
2613	2367
2613	2878
2613	2879
2613	2880
2881	2882
2881	2883
2881	2884
2881	2885
2881	2886
2881	2887
2888	4
1223	1170
1223	1407
1223	1222
1223	1224
1223	2822
1223	1173
1223	2889
1223	1225
1223	776
1223	2179
1223	2180
1223	487
1223	2890
1223	2891
1223	867
1223	962
1223	2182
1223	2892
1223	1763
1223	1229
1223	498
1223	499
1223	2893
1223	2894
1223	536
1223	503
1223	1776
1223	2895
1223	2896
1223	2897
1223	1741
1223	2898
1223	2367
1224	1170
1224	1222
1224	1223
1224	2899
1224	2822
1224	1173
1224	1225
1224	2179
1224	2180
1224	2900
1224	487
1224	2890
1224	2891
1224	2182
1224	1229
1224	1722
1224	499
1224	2894
1224	2901
1224	536
1224	2183
1224	503
1224	2902
1224	2903
1224	2904
1224	1741
1224	407
2636	1199
2636	2821
2636	2905
2636	4
2636	2054
2636	1074
2636	8
2636	13
2636	2906
2636	2907
2636	45
2636	2908
2636	2909
2636	2910
2636	2911
476	475
476	510
476	1590
476	2899
476	2822
476	2016
476	2017
476	1080
476	478
476	1226
476	775
476	1420
476	2912
476	2913
476	1554
476	2914
476	482
476	377
476	484
476	2022
476	2915
476	2916
476	2917
476	2918
476	963
476	2919
476	2920
476	1992
476	489
476	490
476	2921
476	2029
476	2031
476	964
476	2922
476	1297
476	493
476	2923
476	2924
476	1720
476	2925
476	1568
476	2926
476	494
476	2697
476	2927
476	2275
476	1724
476	2928
476	500
476	2929
476	2930
476	2931
476	2932
476	82
476	2933
476	2040
476	2934
476	1448
476	2935
476	396
476	2936
476	2937
476	2938
476	2939
476	2940
476	402
476	2941
476	1735
476	2942
476	2943
476	2944
476	2945
476	2946
476	1343
476	2947
2905	2636
2905	2514
2905	1074
2905	1593
2905	2948
2905	2949
2905	2855
2905	2950
2905	912
2905	2951
2905	45
2905	2952
2905	1501
2905	2909
2905	2953
2899	1224
2899	476
2899	2826
2899	2954
2899	172
2899	2955
2899	2180
2899	2956
4	1
4	2888
4	2636
4	2638
4	2174
4	2957
4	2958
4	2175
4	2959
4	2960
2822	2821
2822	1223
2822	1224
2822	476
2822	2961
2822	2962
2822	2963
2822	1152
2822	667
2822	668
2822	2964
2822	2965
2822	2182
2822	2081
2822	2966
2822	2967
2822	2968
2822	2969
2822	2970
2822	2971
2822	2972
2822	2973
2822	2974
2822	2975
2822	2976
2822	2930
2822	2977
2822	2978
2822	2979
2822	2980
2822	2981
2822	2982
2822	2983
2822	2984
2822	2985
2822	2986
2822	2987
477	475
477	165
477	237
477	39
477	2613
477	1410
477	1173
477	2988
477	2989
477	2990
477	2991
477	2992
477	244
477	1413
477	2993
477	1188
477	2994
477	2995
477	2996
477	1156
477	2997
477	2998
477	2138
477	639
477	1755
477	2999
477	2850
477	1135
477	640
477	9
477	178
477	3000
477	1426
477	3001
477	3002
477	867
477	3003
477	3004
477	3005
477	2851
477	3006
477	643
477	3007
477	492
477	3008
477	2259
477	2260
477	3009
477	3010
477	1381
477	2586
477	3011
477	3012
477	2854
477	3013
477	3014
477	3015
477	2587
477	3016
477	3017
477	1302
477	1303
477	2112
477	2860
477	3018
477	2861
477	3019
477	3020
477	1849
477	3021
477	3022
477	2862
477	3023
477	1728
477	3024
477	2865
477	2866
477	279
477	3025
477	2867
477	3026
477	2868
477	3027
477	3028
477	3029
477	2869
477	2870
477	3030
477	2951
477	3031
477	3032
477	3033
477	2871
477	3034
477	3035
477	3036
477	2346
477	3037
477	3038
477	2115
477	2873
477	3039
477	3040
477	3041
477	1656
477	3042
477	3043
477	291
477	3044
477	3045
477	3046
477	3047
477	507
477	3048
477	27
477	3049
477	3050
477	2550
477	3051
477	2617
477	3052
477	3053
477	3054
477	2173
477	3055
477	207
3056	2726
3056	3057
3056	3058
1410	510
1410	477
1410	2989
1410	2990
1410	244
1410	2994
1410	712
1410	639
1410	3001
1410	3003
1410	3059
1410	309
1410	3006
1410	965
1410	2260
1410	2112
1410	3060
1410	3061
1410	2862
1410	1457
1410	3062
1410	3063
1410	1479
1410	2346
1410	2115
1410	565
1410	3064
1410	2372
2826	2825
2826	2899
2826	3065
2826	3066
2826	2514
2826	3067
2826	3068
2826	464
2826	3069
1173	1169
1173	2613
1173	1223
1173	1224
1173	477
1173	2988
1173	239
1173	2073
1173	3070
1173	1176
1173	1156
1173	2077
1173	2381
1173	712
1173	485
1173	2138
1173	1593
1173	3071
1173	864
1173	1178
1173	1426
1173	867
1173	3072
1173	3073
1173	2763
1173	3059
1173	1295
1173	3074
1173	1717
1173	1557
1173	3075
1173	2384
1173	2853
1173	1296
1173	1180
1173	3076
1173	495
1173	1764
1173	1302
1173	3077
1173	3078
1173	1438
1173	2385
1173	1304
1173	726
1173	727
1173	1183
1173	3079
1173	3080
1173	2858
1173	3081
1173	1361
1173	1776
1173	3082
1173	1028
1173	1123
1173	3023
1173	2866
1173	2868
1173	2869
1173	3034
1173	2896
1173	3083
1173	3084
1173	507
1173	3085
1173	3086
1173	1781
1173	1033
1173	3087
1173	3088
2646	2645
2646	3089
2646	2951
2646	3090
2988	477
2988	1173
2988	244
2988	1413
2988	2994
2988	2995
2988	2996
2988	1156
2988	3091
2988	2180
2988	2138
2988	2999
2988	3000
2988	1426
2988	3002
2988	3004
2988	3005
2988	2852
2988	2384
2988	2614
2988	1302
2988	1303
2988	3092
2988	2385
2988	3093
2988	3021
2988	3023
2988	1728
2988	23
2988	2865
2988	2868
2988	1859
2988	3030
2988	3094
2988	3095
2988	3039
2988	3096
2988	3097
2988	3051
2988	3098
2988	2367
2988	3099
2988	3100
2988	3101
2988	3102
1689	1685
1689	2117
1689	305
1689	3103
1689	2254
1689	2136
1689	2376
1689	2141
1689	3104
1689	1692
1689	2145
1689	2146
1689	3105
1689	1694
1689	3106
1689	3107
1689	3108
1689	2152
1689	2158
1689	3109
1689	704
1689	3110
1689	3111
1689	3112
1689	3113
1689	2218
1689	2161
1689	554
1689	3114
3115	1832
3115	1844
3115	3116
3115	1856
3115	1858
3115	3117
3115	1163
3115	3118
3115	3119
3115	1165
3115	1866
3115	1166
3115	1870
3115	1167
3115	1881
3115	2005
3115	1882
3115	2006
3115	1168
3065	2826
3065	3120
3065	168
3065	3066
3065	3121
3065	3067
3065	3122
3065	3123
3065	3124
3065	3125
3065	3126
3065	3127
3120	3065
3120	15
3128	3129
3128	3130
3128	3131
3128	3132
3128	3133
3128	3134
3128	3135
3128	260
3128	3136
3128	3137
3128	2032
3128	3138
3128	3139
3128	2242
3128	3140
3128	3141
3128	3142
3128	3143
3128	3144
3128	3145
3128	3146
3128	3147
3128	3148
3128	3149
3128	3150
3151	3152
3151	2074
3151	3153
3151	3154
3151	3155
3151	3156
3151	211
3151	3157
3151	3158
3151	3105
3151	3159
3151	3160
3151	3161
3151	263
3151	3162
3151	2766
3151	872
3151	3163
3151	3164
3151	3165
3151	3166
3151	3167
3151	3168
3151	879
3151	3169
3151	2775
